# [1]Indel length	[2]Mean VAF
-60	0.21
-50	0.80
-49	0.20
-42	0.12
-36	0.16
-34	0.75
-33	0.11
-32	0.14
-31	0.22
-29	0.70
-28	0.42
-26	0.83
-24	0.35
-22	0.54
-21	0.13
-20	0.67
-19	0.16
-18	0.45
-16	0.65
-15	0.12
-14	0.40
-13	0.88
-12	0.54
-10	0.61
-9	0.22
-8	0.57
-7	0.53
-6	0.50
-5	0.47
-4	0.44
-3	0.30
-2	0.49
-1	0.35
1	0.33
2	0.41
3	0.47
4	0.56
5	0.35
6	0.51
7	0.47
8	0.43
9	0.47
10	0.50
12	0.45
13	0.36
14	0.54
15	0.45
16	0.82
17	0.29
18	0.52
20	0.66
22	0.38
24	0.58
26	0.50
38	0.60
48	0.59
50	0.71
51	0.23
